0834
0516
1257
1476
6839
6071
0739
5841
4750
2728
2127
4803
0452
6436
1582
4569
0380
4989
1631
5313
0214
5476
4855
1986
6201
6980
4646
1237
0193
6372
3797
3430
5466
0947
5922
3309
5225
6563
5640
4201
4756
3992
2079
3831
3512
2571
4132
5911
3610
4266
5330
3614
2838
0174
0817
6597
3118
0290
5943
3701
3680
1387
1101
2501
1031
1450
5919
5920
3264
4708
1714
2943
6979
0307
2960
5112
2145
6614
5119
4162
6176
5348
5240
2372
3188
5729
6574
4313
0971
1703
1058
5449
3107
1718
0655
2157
0170
3677
4382
4448
0031
2884
0289
3786
1067
1388
2971
6020
5843
0989
0239
1549
6196
3764
0461
6897
5447
3436
4990
0946
0082
6182
5055
4628
4083
6728
5531
6214
4256
0949
1077
1313
6560
1464
6192
2592
1621
1616
1526
1366
0086
6882
0297
4907
1835
4190
5692
2529
3041
6898
4723
5685
2338
4447
1586
2106
4010
3262
6089
1259
6410
0916
1887
3061
4691
0642
1096
6108
1094
4715
5602
1340
6070
6928
0773
5770
3543
2995
6662
5819
2196
5405
5705
3396
1519
4663
5388
4406
2104
3679
1215
0228
6566
4462
3905
3232
4167
4531
1168
6250
5570
5494
0940
5298
1297
3555
3239
6350
5555
0567
2922
4412
6797
6513
0938
3556
2309
2316
6388
3494
1542
2785
6925
4315
5465
0169
0893
6353
5168
1516
2634
4743
5669
3529
5089
1759
2823
5322
3092
2835
0184
4859
2402
3099
3816
5580
0941
6822
5824
6610
3910
2069
5763
1678
3625
3889
2488
2230
3345
4119
2997
1186
4883
0661
1121
4765
3417
5670
1504
1775
5601
2490
2855
1922
5220
3869
1444
4978
3244
4871
0777
1048
1417
3469
4374
5394
2222
5479
3861
6429
1282
3501
1140
5469
3484
0963
2097
3312
3741
3921
6886
6920
0561
0125
1043
4033
0615
0507
0950
0928
3878
5836
0996
6993
5780
2368
0723
3967
2056
6155
6617
4861
0892
2333
0533
4303
4992
5888
2353
2462
6835
1125
4005
0871
1837
2031
0703
2245
6572
1228
5889
0156
6346
4939
0489
2826
2905
2082
1861
5004
4191
4541
1833
4967
0579
1379
2932
0429
0235
5161
1758
5905
4166
1776
6801
3358
6732
3902
4689
1980
3697
6273
5953
3909
6323
1547
0219
1550
5586
5990
5754
3203
4435
6394
3524
3334
1372
4064
6109
5040
5005
1506
3371
2220
6258
2328
2120
1230
1049
1846
6749
6881
2626
2981
3656
2596
1578
6561
3927
6291
3408
3522
4281
6654
3715
3566
3431
1737
4590
2912
2184
5496
2786
1854
3874
4293
0606
0256
3429
4961
2491
0759
5893
0276
1253
1266
6181
1000
1281
2682
2146
1477
5263
2992
4829
6761
5702
2440
2164
3171
3827
5326
3737
0536
5098
4872
2589
1112
1513
0284
3900
4305
0921
6785
3754
0506
3111
6194
6885
2809
2722
2092
0953
2270
4180
5039
2693
6420
6294
0115
2664
2678
6281
1927
1568
6794
4841
4788
6042
5910
0630
1623
4713
1088
6868
1038
4501
6851
4310
5925
4523
5195
5752
0120
4540
2020
1337
6324
4955
5295
2986
4850
2477
2985
4490
4232
1693
3316
1942
2058
1046
6151
0599
6932
2595
6366
4607
5967
4262
5901
5556
0422
4784
0915
1636
5621
1328
2484
0494
6348
4341
5725
6663
3258
0554
2310
3884
6018
1635
3993
0377
6726
1971
5131
1720
3088
1727
2956
4904
0252
6775
3926
5597
3438
5352
6671
1208
2404
3940
2112
0052
3443
1774
5854
3961
2078
1969
6437
4384
2289
4982
5682
5474
4809
3413
4319
5407
1466
4881
6687
6199
2373
0196
1881
4612
3382
1788
6966
3225
6953
6722
4600
6055
5918
3684
5196
4563
4690
2232
1951
2743
1563
1997
4704
5088
1135
4425
1243
5734
0478
3052
1397
3479
3963
0314
1415
3772
1148
5344
3307
1352
0932
2284
6919
5738
0681
3305
2466
2974
5181
6465
3866
4919
2123
3195
3346
3215
2663
1966
1696
6629
3121
2098
3717
1706
5362
4799
5823
5065
5358
2888
2263
3892
6938
2950
1939
4292
4481
1672
0503
1231
0470
0063
2852
6807
1220
6259
4752
3810
5694
4933
2560
2251
5266
6975
3729
3100
3607
0343
0936
1701
3732
4278
4257
1176
0991
3681
2657
0100
0935
2111
0215
5130
6337
0072
6237
0420
1704
5292
3404
0649
0400
5246
2448
6356
2931
2072
4397
5431
1925
0280
2332
1904
3230
6444
2819
1642
0732
1603
4557
6043
2420
4517
2926
5179
4247
4239
5406
1625
4620
5249
0564
0861
1610
2025
0783
3249
2016
6304
5603
5137
1933
0999
2105
0341
0753
2408
5928
6218
3622
3045
6874
1497
6282
5979
3987
3818
1668
4860
1573
0914
5827
4558
5444
3456
1394
2542
1144
5206
0067
5185
6448
6249
5751
3942
0208
6239
5167
3267
1428
6694
0147
1378
1669
0891
3072
2108
6078
3663
0580
3284
4066
6747
2389
1834
1520
0888
6411
6989
3362
4734
0930
0274
0766
0837
3475
4770
4487
2541
0157
5817
3242
2480
6537
4857
5381
3710
2535
5430
6766
3700
6709
4194
1745
0241
4138
3609
5630
2247
2925
0178
5741
4783
3354
5864
2608
4661
3714
6949
4844
2869
6916
0699
1958
5732
3019
1429
1232
5995
1392
6422
3598
0117
6480
0619
6461
0337
6703
2325
5904
2736
5134
2857
2685
2181
0496
6056
4385
6123
2695
6858
2606
6034
0742
4776
2139
1164
6207
5506
6278
6892
6772
6841
1006
4908
6717
2029
1657
2526
1040
6459
0775
0500
6290
1460
5316
6598
2475
1611
3946
4364
5399
1451
0354
1674
0666
5695
2533
5257
2860
2240
3949
1202
1141
6636
1769
1248
3829
1177
2407
1130
6133
1722
2132
3096
5048
4570
6756
3026
1123
0714
3711
2160
6305
5231
4245
6449
4431
4213
3659
2629
5229
6166
0611
1551
3886
0880
1808
4174
3688
5717
3945
5480
6028
4115
0568
1538
4616
6941
1260
6638
5289
5085
3669
2392
6083
4297
5300
1152
3257
1690
2425
3180
1792
6342
4899
2042
6653
4414
0176
3977
5616
4283
6112
6571
2377
5097
0768
6343
0779
2464
5915
6019
6255
6836
3016
0952
0014
1391
5801
2248
1638
5190
0639
6180
2110
3646
5781
2708
4638
1329
0614
4110
2528
1145
0535
2419
3645
6157
4502
0731
5419
2203
5031
6327
6661
2471
2426
4832
3893
6069
0652
5792
2563
2555
6230
0417
2215
5066
5514
0651
4608
2988
2185
1738
0238
3806
2913
1318
6531
1983
4547
5664
5736
3624
4449
5054
3229
0132
3478
2118
2219
6498
5561
0620
5472
4613
6293
1724
5870
6110
1224
0106
3453
3492
2904
2875
3793
0922
3600
5499
1895
4403
3387
4496
6367
3350
0961
0076
3275
4519
4151
2654
6035
1595
4797
0322
2700
4930
1566
1913
1090
6909
2659
2532
5965
2625
2052
0741
6008
1479
6697
4269
6568
2782
1059
6521
6770
0348
1284
5233
2300
3447
6783
4707
2579
3343
1531
2564
6442
5458
1754
5773
2062
0034
5083
2726
4029
5207
2391
4649
0018
6202
6751
2599
5537
5952
6795
6029
5126
1249
3498
1842
2723
5492
5998
6213
1608
4698
3268
5128
6002
6837
1174
4988
5086
2435
4342
1433
1768
6984
2546
2729
0479
2124
5384
5693
2921
4427
2505
2680
0060
0469
0974
3425
1410
3826
2980
6931
2617
4126
2088
3742
0812
2033
0550
5859
5887
0402
4391
4901
4074
1799
5558
0171
4895
6921
0272
5775
4956
0608
4782
0674
0607
4806
5046
1952
1370
4648
5230
5592
6586
2506
5656
1357
4876
0604
0074
0882
1440
4443
3545
2363
5559
6715
6562
1960
5383
3950
4136
2849
3139
2928
5822
1948
4000
3439
5460
4184
2064
5576
0112
4898
2911
1331
2205
4606
5878
4685
2536
0453
1053
4218
2086
5657
2046
4089
4488
5512
4208
4879
6959
1137
0583
2672
1320
3548
5830
6482
4053
0870
2500
1553
1027
5481
0575
5568
3422
2775
5971
5389
1021
3554
3321
1908
1011
6746
0957
6542
5779
6860
5395
4848
5017
6708
3914
3165
0895
3256
4001
4617
1821
2336
5874
3360
1805
0191
5776
2134
6458
3263
0973
6062
4795
5116
2929
1700
2018
3516
6700
6870
6955
1540
0425
5142
1583
5118
3999
5232
5147
5401
2822
3087
2100
5200
1201
1018
6780
4340
1047
1034
5382
2135
3787
5572
3465
1311
3644
4362
0160
4043
2820
4376
0186
0593
1743
3906
3557
1264
0261
3507
1894
2699
5275
6197
6917
0605
3964
2305
6424
4224
3108
2777
4438
3009
4802
0350
6161
3109
4697
1655
3577
5844
3060
5632
2965
5528
0011
4337
2463
5892
1242
5417
0926
1899
3753
3850
3535
6554
1721
1209
4731
6405
1813
2837
3584
6149
2461
6940
0071
2737
3973
5834
4177
5072
3243
2449
5393
1935
2417
0152
5637
3490
6910
6005
6754
6657
6065
2544
1665
4455
5791
5321
1472
1431
2015
3734
5982
1820
0959
4521
2024
0363
3974
1478
0960
3735
4370
1155
2216
4395
6971
4995
0486
0150
6052
2254
3415
4276
5962
6855
5927
2766
2041
6359
2754
5214
2989
6601
6000
3983
5478
0041
6682
6179
6168
3250
0726
4199
2829
2939
1187
5468
2631
0687
1014
1709
2030
0502
5938
1710
2227
2212
3704
2593
5379
6578
2868
3192
5254
6298
4909
4885
1658
4929
5421
6032
6177
2007
5828
3896
4178
6859
5106
1435
5612
0836
6336
3511
2446
3247
6074
1017
3572
5177
1269
2725
3628
5665
2428
4629
0600
0569
1996
4535
1617
5784
1930
5684
0887
4996
1910
6908
5585
6866
6453
4724
2897
0616
5477
0667
0357
6152
6677
4733
6275
1916
4028
6616
2999
0008
0356
6401
0696
3324
0146
4347
5105
6007
4742
6842
5278
2762
4944
2600
2842
3369
3279
0881
5523
3601
2764
6804
6095
2207
4652
4473
2793
0849
2115
6544
4598
2137
4153
0159
0609
4830
1426
1325
2444
3975
4472
2941
4055
6673
1626
6658
3868
6030
1915
0698
5671
5916
5964
3602
3915
3528
5439
0522
6611
5408
5037
0305
3115
6812
3944
5115
4516
4200
4420
3581
5862
3773
1198
2967
3449
5212
0056
3474
6013
6490
3527
5726
6641
3619
0047
3014
3765
6496
6735
6725
4551
4597
0087
0994
4221
5331
0185
4624
6852
2117
5011
5361
5931
6463
4947
5359
6368
4735
2637
4059
2136
0505
6235
0855
2393
1817
5699
5333
1850
2711
4903
4424
2084
0075
1855
0858
0734
4432
5367
1401
3160
1699
2354
3302
4798
0979
2713
5863
4216
4813
2583
2816
6115
3022
4910
3441
1648
5855
6326
5183
3365
0694
6508
3159
1649
2800
2259
6229
2636
5304
4441
3077
3134
3419
4267
0617
2660
0054
3143
1987
6639
1296
3353
3587
6950
4407
3514
0552
1742
5222
5247
6692
2520
1872
2290
1133
5387
5991
5594
1639
0464
4202
2760
2265
1909
0511
6752
3533
5042
1413
0231
2923
5327
6485
4312
0247
4902
6516
4003
6739
2655
6540
3719
3179
4210
1419
1651
2808
1002
0062
0968
5551
6446
2434
3300
3658
2481
2746
6987
6400
6378
6502
0942
3189
1374
2784
4605
2694
1111
4354
6158
5464
5457
4128
6097
0602
4656
2308
1864
4149
2794
4716
3162
5963
4207
0794
0023
6047
2298
0387
6225
0233
2011
5966
4127
6915
1412
4729
6525
6397
6648
6893
1044
4808
1990
1659
2780
5868
6706
4296
3252
4545
0455
3485
4386
0939
3544
6755
0774
5718
6395
5802
6129
3392
5094
0384
3833
1194
6172
5760
3752
5007
2521
5631
3803
3629
5825
1629
2307
6211
3428
0243
3105
3834
6846
0697
5539
5944
4259
4525
1345
6547
4969
5135
0001
3197
0792
3903
2221
0155
5238
3372
3201
0225
5950
2053
5193
1301
3709
2327
3202
0695
2851
6961
2004
3822
1687
6365
4405
3217
2759
3191
1124
3467
1695
2620
5281
5204
5677
4274
0069
1654
3409
0342
1423
3655
0586
5050
3672
6828
0311
2918
2255
2178
5604
5869
2237
6633
1502
1790
2883
0413
4706
2719
6407
3313
6548
2457
5199
2773
0584
3407
4171
2848
0862
5607
6967
0027
2262
3558
2523
1463
6969
3694
3333
4351
1965
3152
1083
4695
0693
1562
3855
0332
4508
0012
3383
4331
6621
5047
3784
4769
3616
2582
0088
6313
5030
5501
4768
4158
2553
2450
5412
1619
5529
0010
4974
2155
3448
0139
2871
0592
5486
3227
4214
3783
3605
4913
6135
3943
2979
0582
1081
3028
1841
4358
4503
5186
5638
0645
4284
4465
3463
3377
6626
1233
0748
0398
6786
6623
5400
6351
6016
5814
1122
4591
0525
5578
0612
2574
4400
3767
0415
2076
5771
1245
0635
2732
2551
4767
4574
4694
3183
4509
0480
3231
2590
4500
3912
3513
0058
5274
0728
2530
1300
5611
4290
0104
5497
0279
4240
1350
6581
4041
4755
6091
5668
2545
0483
4069
6206
5540
5882
2400
0365
2043
1663
4766
4985
1667
3568
0285
4548
5243
0264
6734
2191
0278
5483
2901
4779
6723
4426
1591
2703
4562
0148
6113
3097
1773
2049
6470
6532
1974
2323
3340
2933
6838
2280
3733
2421
3540
4921
6310
3317
1786
3509
0368
3641
0032
6854
2021
2302
1015
4862
6712
3199
5913
2158
0135
3411
5452
5651
1099
6811
6107
0068
6802
5606
4306
1229
1515
6331
5875
2365
1871
2050
3212
3891
0906
5932
3198
3470
5946
0853
6509
5622
4837
5790
2585
3588
3013
5009
1078
5271
2437
5544
3759
4335
2721
2915
0576
3291
1349
4493
6526
0212
5061
2497
0130
0594
3643
4920
5767
2162
4892
4585
1755
0361
5259
1278
4346
6522
3293
5857
4459
1955
3689
6251
5549
6825
1645
4042
4911
3017
4212
5845
0879
6536
3938
1613
5498
1756
6345
1108
1931
6965
0458
3634
5534
1079
4927
6823
5100
2568
6983
6061
4664
1596
6454
4228
0428
6834
3776
5176
1421
6736
2381
3266
3095
0902
0581
1013
5282
3683
0556
0670
6051
0265
1576
4868
5563
0650
5203
6973
4295
2856
2653
1962
5805
0151
3253
2795
6830
1632
0827
3285
2618
0967
6146
2864
3723
3011
4618
3579
5608
3299
5032
5411
0013
6826
5793
3114
1970
2815
0024
5475
0143
2138
2489
3687
4682
1514
1072
0190
4669
3642
2991
4833
5335
3870
6895
1707
5934
3042
6873
2077
1205
5517
5877
0997
0636
5849
1929
1069
6081
1734
5658
1702
4925
2718
0529
2380
0457
6170
1975
4211
0756
6952
2260
5787
0349
3789
6116
2652
0411
5696
6460
3825
5600
1196
5939
0966
2167
0426
2379
4815
5174
6596
0883
2063
1564
0299
1288
0158
6679
6228
6022
5262
6447
6905
6144
6906
1261
2891
4518
5813
5649
5812
3841
6782
0555
6421
3147
1795
3043
2804
4536
0737
5721
2802
6105
3743
3901
1622
4818
3228
6375
0771
5215
3935
6468
1536
0682
3774
2200
1066
1511
0788
2755
3807
0388
5954
6769
6187
3633
0570
3979
1395
1398
2561
0603
5808
6699
5948
6484
0306
4223
6672
2916
2515
2720
1445
3030
1945
1158
1832
2892
0375
3323
2366
6363
0260
3164
5351
1746
4980
1675
0736
2812
1572
4505
5489
3236
1683
0725
0114
5463
3325
3790
6776
2517
1716
1587
0910
5346
0048
2733
5376
2487
3455
2458
2648
3873
0498
0978
3635
5320
0331
0044
1652
2286
4851
2252
4736
3177
2510
5935
1508
5562
0448
6379
5593
4789
4333
0797
1184
0220
1191
3194
3958
2470
3405
3916
1380
5043
2738
2329
1598
5914
4120
5049
0767
0490
0103
0216
6707
6933
0128
2472
4350
2881
6902
0371
2712
4914
1462
2168
6173
2577
5012
4020
5056
1062
4826
5109
5676
0127
0345
1957
1217
5937
3798
1411
5936
1673
2047
0038
1816
0175
3384
4477
6927
0315
1992
1840
3493
2903
3066
0633
3738
0262
5820
3080
3908
3290
2385
3426
0899
2993
2166
4696
1110
5516
1453
0399
5443
6634
6607
6023
3988
6564
3278
0587
3670
3639
3040
6816
3703
4762
0885
4049
5851
4772
5248
5853
3854
0976
6869
0917
4745
6951
0519
1660
2427
3023
3542
0397
3004
3359
0434
3739
4621
2767
3725
6762
1082
1286
6476
6643
6876
3962
6360
3845
2512
4668
4972
4575
0578
1614
0828
4124
2350
5398
4183
3666
3745
4479
4674
3116
2211
4888
1172
1084
1315
4367
0294
3423
4324
4580
3968
0298
2258
6131
0447
6758
4657
2647
0814
1858
3374
6792
4761
1736
6084
5560
6819
4935
0249
4532
2731
0167
6903
4118
4300
0347
1324
6674
5636
0482
1115
6986
0499
2716
0424
0312
5063
6587
1332
1772
6248
0364
5107
2861
2666
2750
2499
0964
5290
6236
0418
5141
2919
5338
1581
2692
0323
2605
4672
3131
4644
3632
5019
2452
2395
1829
6240
0004
4526
3034
5799
5392
2483
6215
1602
4072
2188
5772
0800
0105
6117
4564
1539
0049
2128
3444
4084
6646
0172
6946
3174
2643
0423
3025
4009
6768
4631
1342
5299
3959
5526
3828
3332
4751
1594
2070
5250
5675
6976
5646
6263
2071
3029
4630
4045
4659
6988
5579
4821
1906
4093
3574
3919
1762
4399
0835
2983
2619
0360
3446
4159
4017
4777
0908
4039
2640
5598
2688
0046
1574
1593
6771
6582
2690
1503
6234
3424
2763
5908
5542
4244
0409
4453
4565
3848
5279
2889
3934
4718
2438
1275
4609
4553
2567
0709
6038
3122
2927
4747
1290
2057
2443
1160
5397
4101
3823
4317
6608
0391
1677
1604
2032
6817
3146
3760
5059
2292
4258
6789
3750
2090
5921
1173
2326
5318
4085
0352
3775
6805
4812
0912
5385
0300
1268
0548
1907
2467
6930
4739
0077
3763
6332
4940
5983
5285
5265
3799
2673
2003
0303
2432
1364
6831
1778
0339
5187
0562
3747
3491
3126
1803
5373
5816
3924
1628
5687
3502
0878
6392
0965
4964
2616
2102
4087
2727
2798
2081
4582
4807
0477
1532
4937
4975
0035
0538
3015
1192
1869
0207
2346
3621
0923
2539
2382
0572
1004
1258
3690
1752
1272
2169
2789
5151
0019
4842
3564
0716
6602
6266
1163
2318
6583
6963
2588
1956
0740
1897
2068
1507
6642
5746
5143
5155
6270
1279
2859
6286
0318
5287
2201
4651
6252
1240
4968
0795
0083
3038
0847
6631
2357
1005
2362
6877
4044
2358
6111
6433
5821
2026
4965
5891
6329
0200
5590
2706
5154
4866
5062
4036
3699
2234
5795
2613
6391
2180
2633
6538
5666
3418
0671
0467
2152
6757
0691
2173
2401
5575
4931
0900
3536
6474
5150
0487
2341
1890
5202
0095
1664
6276
5448
4781
2348
3347
6501
0531
0689
6311
2149
1689
2827
2962
5013
4792
1686
5160
5710
1136
0065
4942
3538
2609
5532
1567
5180
5364
0527
5113
5720
4390
4318
4595
4173
5552
0292
0733
1662
2439
0287
3888
4906
3410
2101
1200
6317
6205
1212
5839
0557
6765
3897
2702
6073
5996
5450
5906
4634
0495
5370
4068
2142
1923
6675
3651
5569
4863
2805
6609
1967
2476
0403
4924
5941
4655
4146
3144
4912
6101
4073
4279
0631
6261
4945
2691
0623
6981
1559
6167
5471
5969
3665
0663
2209
1430
2469
4926
3657
5223
2313
6174
6241
0471
6800
1051
2343
4107
4422
4936
1730
3277
2199
6779
5511
0743
6871
0213
6269
1777
6815
1865
1354
0202
5764
6330
1129
1533
4265
1471
3289
4081
6577
6686
4111
3496
1180
2096
2576
5976
2850
1292
5758
5615
0717
0192
0242
6599
3552
3064
2375
1810
1993
3327
1483
6009
6787
3075
1009
2009
5422
6039
6220
3904
4186
2229
4997
6824
0017
3366
4858
6702
4529
6551
0446
2231
5733
2836
5945
2103
3561
1416
5994
1252
6260
0007
1263
1750
4470
5084
1321
0101
4052
4040
6344
1330
2895
0625
2615
5068
5667
1316
3981
1870
2953
6231
0830
3931
1339
3140
5184
2055
4273
4047
0353
1390
5391
4451
6827
6793
0073
4155
4116
0721
3166
3391
4416
3483
5455
3378
2669
4864
0825
3128
3530
0137
2361
1093
5074
2910
3778
1670
0722
3696
5029
2002
5208
0700
5714
2937
5027
5723
6114
6390
5227
6423
1470
6593
4976
5985
4538
2987
2942
5722
6493
3692
3240
3124
0983
3953
3761
6659
1142
0059
6300
3676
5541
1365
0383
2378
4847
3341
3357
2264
1785
3966
4554
2741
1552
0346
0094
1977
3461
4831
0002
5162
2698
1637
6798
3740
2107
4012
0684
4984
3156
6075
2949
2122
2525
6245
5349
0859
1353
4951
3076
1406
0253
5681
0319
0786
0310
0873
1888
2397
0595
3871
4461
5244
1932
0760
3329
4361
2705
6683
1393
0518
0780
1839
4035
2748
2131
4328
5354
4418
1753
1020
4316
3090
6604
1920
3856
2954
3606
6774
1055
6829
6652
2502
0955
6124
6297
1984
4637
2638
6580
2268
2772
2433
6296
2790
6054
1333
1607
5102
3053
3211
1585
5917
0851
3583
2022
1138
1715
5269
5339
0211
2824
3044
2465
2242
2610
4226
0473
3381
1534
0320
5742
4928
4711
0646
6992
5442
0816
1544
2866
4032
6100
6085
0685
6912
6511
0805
5432
3356
3031
1227
1322
5866
5610
5470
6649
1427
5415
6328
4746
5355
6136
6193
2761
6246
1780
6569
5803
2322
5485
0865
2715
0257
3260
0416
1601
1446
3510
4889
1859
3918
6099
3110
5716
0802
0015
3002
2371
2862
4460
1293
5363
2370
1097
1409
0804
5642
2944
0232
5737
3864
2492
3796
4409
6844
0408
4700
1376
3330
3837
3178
5305
6004
6777
0648
2844
4573
6159
3652
3123
5865
4152
2758
5071
2038
2570
2340
1073
3648
1845
2873
1351
4530
5573
6165
5644
6268
4890
2998
0055
1468
4604
6553
3563
2902
1527
4091
5673
1973
0829
6418
1377
0551
1473
6848
2192
0009
6606
0003
1399
3021
0754
4096
4678
4330
2513
4143
4307
4019
4960
3859
5974
0308
6584
0182
4683
6183
2547
0197
0179
5219
5459
4075
0927
0832
5315
1886
1469
2051
4485
4566
4636
3070
4464
2257
6467
6660
1919
5213
4581
0690
2226
4172
1946
1898
1303
0948
5588
0039
0432
0757
0372
3863
5624
0090
3008
5253
3885
1026
6086
1878
4796
4248
0521
2578
6233
3320
5871
5912
2890
0526
0006
6090
1661
3595
1849
5840
1679
4882
0539
1153
6274
6853
1204
5006
6833
0972
6184
4710
5288
3196
6082
2036
5170
3337
5731
5153
6223
5502
6579
6640
1310
0133
4592
1525
1211
6624
5981
4684
4804
1100
4154
1113
5926
5835
4878
3638
0040
5654
1306
3210
3048
3907
2010
5261
2271
2778
3553
4104
4987
6209
1880
1089
2266
1341
1496
1644
4013
4979
0336
4428
2765
2740
0590
1389
3998
0945
0542
5961
5001
1819
1454
3308
2150
3481
0591
3480
4129
3695
2707
5898
1225
1214
0043
3995
6630
6721
4970
2935
6301
0596
4499
1851
1092
3939
0919
5848
6506
1521
6440
5505
2874
4705
1041
6615
3233
2431
0124
6314
4181
5386
3395
1312
4584
4436
2603
6471
3473
1003
4157
6922
5182
0084
2940
6541
4528
3451
0702
2880
1555
4601
4943
6188
6934
2696
3402
3468
6195
1998
1765
1848
4056
1270
3539
4780
2537
2597
2534
4482
5291
6681
3819
4260
4175
2833
1443
1747
6216
4168
2522
5014
6655
3812
2482
1494
4642
3069
3720
2405
0982
5283
2213
0621
4555
4627
6175
3297
4790
6664
4973
0807
5861
3319
5297
2963
4717
1102
6550
6398
4836
4495
1012
3996
4456
2914
5340
1323
4401
3219
0918
5761
0275
1989
0358
5188
6050
5125
1254
1134
6120
0251
4355
0710
3373
3877
0598
3283
4884
4078
2863
4744
1963
4727
5762
1347
4820
4203
0822
3295
3780
5429
4905
4953
4277
0468
1403
4046
0393
0268
2276
4670
0781
4398
3693
2639
3626
4450
0316
2566
1188
4304
6271
3650
2206
2624
0271
5092
4314
5524
2228
4504
6872
4466
6093
1823
5641
1873
2650
5518
1050
0857
0129
0508
2821
0679
5057
6361
1022
3209
5272
5041
4586
2665
0909
4712
6763
6098
5643
6403
2474
4489
4326
0304
4653
5077
5251
1529
6589
5099
3482
0540
2714
5018
4113
5633
3112
3172
5165
5507
6555
1156
3592
4025
0745
1361
6160
6710
0692
4550
2085
6803
1640
5360
2753
6483
1766
1385
3389
3830
0029
1116
5959
3207
0549
0624
0532
3476
6048
4433
3800
0092
5988
2977
1360
4484
0934
3348
2735
6439
3466
1418
1199
0566
5309
2834
6576
5513
4491
0180
2959
3218
6814
3523
6080
4827
2424
1518
5680
4614
1375
5440
1624
5021
3433
0406
3489
6527
4051
5280
6466
1052
2202
1830
6543
1498
3685
3585
4875
3971
4533
4811
1458
3355
0585
4320
2877
3534
1866
1950
2969
2339
4916
0765
1739
1289
0224
1457
4454
0886
6079
5674
1560
0484
5420
2975
1558
1291
0981
2885
6040
4038
6092
4090
3328
3437
5347
6625
4327
6334
4034
5535
1592
5782
6705
4198
6404
3649
2159
3611
6425
6015
4687
5224
6512
0295
4497
4255
4486
0161
6416
3459
6767
1024
6264
3245
2742
6904
2269
2614
0846
1267
3928
6125
0772
6727
0288
0401
6945
5139
6913
4287
2587
3984
3860
6857
5235
4396
3623
4492
5343
6141
0831
3880
5375
4725
2601
0110
1236
0121
3142
5228
5605
4633
3001
4249
1852
6845
3929
5317
1169
1381
2878
1565
1912
6320
0022
4185
1500
3397
1902
2147
1569
6362
3872
1455
2769
1524
6127
6505
5325
1338
4764
0321
6558
6865
0798
2359
3654
0030
5418
4285
4135
2538
5989
3744
5581
5221
1226
0485
0367
5239
6942
3306
3213
6307
5140
4145
2194
1036
4246
0815
3727
2095
6312
5390
3051
3758
3326
1522
2387
3435
5103
6302
4095
5858
3755
2390
0028
6478
2190
4603
1319
0746
2839
6530
3130
3843
2109
1178
1570
6408
6813
3154
3265
5756
6737
4546
2413
6689
3851
4749
5890
6371
2163
2267
4771
3844
2907
6289
4667
3721
0025
6744
0437
4434
6384
1684
4147
4578
1681
3281
6339
6103
5565
3515
4402
1733
0173
5345
4957
6153
5924
3662
5690
1643
2059
0867
3847
4440
5121
6867
2887
5975
0302
1251
3055
3065
5008
6972
4639
1961
5739
6033
0381
5075
6024
4339
1219
1255
0136
4002
0929
1844
3573
6650
4515
4854
3102
1414
6676
5310
6622
1512
3575
4077
4676
0787
2187
1937
6315
2294
2552
6595
5414
1007
1001
1080
4923
5473
4188
3368
5438
3007
3506
3618
5653
0738
2161
1262
5323
2089
0033
1893
0414
4383
0107
6072
6494
4543
3458
0222
3771
1207
4958
2562
0281
1182
5897
3852
1653
6545
6445
3349
5148
5949
3531
4510
3504
0992
3730
3294
5123
4235
4699
5127
5970
1713
1885
6076
4963
0168
4922
0438
1334
2028
2154
1875
5697
0036
2304
4721
4156
4673
1725
6303
2272
5550
6719
2297
3941
3570
2027
1037
0840
2627
4625
5090
2436
5587
0644
1712
3551
2460
4757
2495
0254
2094
5583
1273
4793
2418
5145
5036
4325
3204
6413
6497
0392
3813
0654
1543
6277
5536
0501
5903
6053
4874
6907
3597
1235
2572
3895
6412
6956
0131
6267
5525
5201
1070
6974
0701
4169
5774
5461
2607
5589
5900
0987
4917
6224
5883
0884
2952
2182
6741
3032
2865
5750
0277
1685
4991
6455
0118
5342
2518
4643
2141
4289
4941
2558
1456
2273
2485
0573
4542
0517
0335
1994
4082
5093
1836
2422
3899
6219
3982
4233
2930
2347
5122
0808
1118
0860
5777
2972
1075
6535
6189
0810
5132
4140
5743
4377
0204
1120
1590
2828
0705
3005
3518
2165
3054
2946
1831
6441
5082
3388
5256
0727
4103
2013
2668
0833
2065
1063
1482
4998
2840
3879
5453
3808
5554
0951
2709
5428
4189
0369
2667
1731
0064
2899
2872
4133
2556
0707
6964
4442
3887
3059
1358
0166
1167
1157
2066
3521
1779
1054
3153
6011
2261
3339
0730
4948
3235
2399
4421
6309
6162
5276
0954
4242
4981
6799
0362
5441
0404
5211
6232
6889
1032
3416
4288
4658
6507
0872
6198
0793
4568
4732
3580
2791
3582
1717
4302
3630
4365
4404
3811
4701
4622
0476
4301
5759
5881
6668
2581
1369
6163
0286
6977
6627
1384
6154
1978
4209
5158
0340
6066
2813
6982
4392
2479
2019
0712
3671
1914
0790
0641
3363
3591
5133
6944
5038
4835
3980
5957
1150
1814
3322
3951
2183
6126
4959
1238
1010
0758
6711
1729
4801
5968
1203
1825
6510
3280
0334
6481
5303
3957
3802
4102
6137
6911
3604
0563
2645
1771
3839
3226
0821
2256
3832
1008
1402
2301
5329
4117
1751
5413
1280
6238
3086
4498
4610
4125
0686
6529
6472
3627
0324
0876
2658
5645
0901
2934
3708
6377
6227
5885
2886
4999
1171
4031
1146
2514
5273
1023
6750
5571
5332
2882
4070
6380
6924
5025
3862
3082
2278
2584
6014
1408
1719
1618
3986
0396
4794
0119
2898
0877
1343
2704
3991
4387
3442
0165
6102
2321
1892
5462
4122
3565
6452
0195
1085
4822
2853
4572
0665
1197
1838
5810
4057
1982
5178
1537
5522
1277
6781
4100
5876
4524
3457
2494
0057
0042
1030
1510
4938
1800
0407
5629
3205
1143
6666
2083
5707
5727
5078
1165
4966
2681
6322
0956
5296
0326
1246
1181
2970
1485
6427
3062
2114
3894
1764
1234
3047
4886
3151
5577
5740
4389
2580
2075
5120
6486
0789
2172
5958
6443
0405
6434
5490
3637
5446
5909
4170
0309
0282
4231
2978
6068
1641
3560
5301
1276
4363
2409
6954
3682
3101
2153
3936
4589
5980
1045
1791
1256
5567
4334
6059
5557
2285
1336
5706
3370
0995
1535
3477
4728
4814
1302
2217
3571
3779
4457
2973
0524
0713
5189
1127
0070
3954
5445
0142
4680
3301
1633
6010
5747
6145
2783
2119
4753
4567
0283
6528
4774
3660
1985
6399
0085
4338
3440
1367
3176
1223
4204
6605
2498
6462
5242
6138
0589
1086
5045
0848
6037
5307
5709
3420
4662
5372
4088
6519
3678
6063
1241
0258
0510
6759
1434
3315
6025
6222
0374
0263
2468
4559
3145
3499
5852
6962
6169
0210
3956
2543
4099
4016
3127
3311
6693
6426
6678
3185
2091
4139
3067
6518
0647
4681
5867
1630
0819
3532
4816
6628
4853
4849
4791
4561
3462
5626
6887
3398
0824
6695
2249
5079
3756
6879
6457
2233
5686
2622
4513
2176
0217
0141
6504
1068
5907
5809
3091
6140
5175
0097
0839
5356
0412
3990
6318
0543
3636
0248
6292
6450
3141
2376
0806
1926
6003
6499
0528
2504
4824
5311
2239
6594
2414
2994
2445
5715
1612
1784
2831
0565
1294
3537
3647
1688
1705
5353
1285
5197
3526
2455
5002
2757
5765
4344
6698
0198
0818
5172
4220
1671
1798
1033
0376
3376
4918
5591
6843
3150
1216
3033
3286
3593
2250
3058
1283
1362
4417
6369
0491
0588
5940
0456
1900
4722
3792
4419
6130
6431
1436
0021
0708
5973
4323
2279
4134
5846
3930
4478
2296
2277
4512
1580
1447
0493
6122
4348
5832
6132
5076
5930
3310
3304
5117
2493
2454
0439
0782
3751
4556
0677
4458
6603
1599
2186
0079
6704
0099
4527
6321
4650
4962
4071
5368
5194
4144
6479
2008
5241
1847
0435
1827
2342
3272
1874
6058
6340
0451
5744
3567
3098
3781
4467
6389
4008
3840
0744
4703
2113
6382
2295
1448
3039
3757
0234
1940
0874
0541
3414
5226
1650
5703
0719
4647
2938
3445
2602
1680
0842
1071
2810
5533
5157
5454
1691
0998
4007
1239
6057
4977
3978
1501
0394
1065
5884
1744
3169
0410
4163
5661
2315
1439
4349
6864
0801
5728
5435
3190
0126
6217
3749
2739
4345
4179
2204
6619
3241
2246
2367
6477
4415
0245
4423
4309
6402
5997
0894
3589
0016
2675
3500
3452
6335
0776
3520
2193
2830
2335
1495
5856
0441
1356
6060
4571
0201
4549
5000
5788
2384
2224
6210
5058
2293
1154
0037
0653
5024
4360
4576
1383
3084
4429
3549
2845
1396
5818
1884
1801
3994
0266
2195
2548
1287
1995
0443
1964
0515
3261
0813
1295
6790
2473
2412
6891
6948
0183
2023
0431
2644
5064
5634
4234
5482
6376
6914
4321
3464
2745
4577
5433
5704
5662
6469
6381
5596
1185
0629
2214
1692
6958
3006
5838
1634
4282
5423
4932
6247
5357
0688
0841
0577
5341
4150
2283
5028
3881
6287
6784
4471
5806
1928
6118
0313
3255
6487
2416
4865
4021
2126
6923
5456
3599
6937
3287
3809
6743
3338
0925
0662
6316
3769
2174
1794
4870
1862
4654
6994
0330
3375
4748
2756
1114
1571
0784
5484
5164
0102
2575
4483
6713
4819
3653
1179
3024
5652
0269
1190
6880
0903
1105
3364
4092
3336
6027
1218
2241
2403
6049
0844
2360
6045
3046
0164
5245
6947
3586
2684
5757
3691
0627
3220
4094
5129
4011
6680
2087
6396
4368
5427
2208
1126
2516
0514
1954
5159
5711
6637
4738
2936
1076
0986
6191
0622
3718
6557
4506
6134
3200
3707
5033
4037
2253
4280
1876
2958
4720
6119
4229
2034
2787
5713
2040
4856
4666
2478
2330
4993
0720
2398
4336
6347
4196
4688
6688
0250
6894
2345
3838
3726
5488
3525
6612
0933
4380
2331
0547
0905
2459
3208
2238
2125
3712
4206
4251
4946
6753
5617
3849
3748
2116
5984
5755
6985
0005
2550
0474
4452
6788
5833
6635
5719
3259
6863
3182
5778
5701
4065
0975
6806
3853
1541
2717
1944
3071
3238
4468
0445
5896
6778
6284
1490
3970
0537
5794
2573
1917
6147
3135
3794
5328
6036
5545
1953
2388
6883
1811
6592
4024
3237
0890
0020
0574
4023
6632
3221
0990
0904
5993
0632
2920
6143
1465
4823
6696
4896
1189
3344
2796
1647
1355
3858
0634
0061
0026
6254
4641
0803
0223
4165
2179
6272
1921
5026
1424
1304
2456
0270
5410
0675
0045
6840
0980
3400
1991
0673
2752
6031
5336
2054
3883
3137
0113
5495
3821
4645
4759
5956
4852
4076
1749
1119
4378
2411
4537
4004
1941
4626
6878
6573
1326
6021
0199
0328
4587
6796
2274
0913
0230
2730
1822
5277
4846
0969
0920
6094
4693
2604
1577
6968
2486
0889
1826
2235
2143
5508
3335
4217
5797
3898
6936
6383
2001
2917
6935
4810
2496
3303
1760
2710
1087
3434
0465
